   59.9250    -2.6307
   58.9272    -2.5642
   57.9294    -2.4976
   56.9316    -2.4311
   55.9338    -2.3646
   54.9360    -2.2981
   53.9383    -2.2316
   52.9405    -2.1650
   51.9427    -2.0985
   50.9449    -2.0320
   49.9471    -1.9655
   48.9493    -1.8990
   47.9515    -1.8324
   46.9538    -1.7659
   45.9560    -1.6994
   44.9582    -1.6329
   43.9604    -1.5664
   42.9626    -1.4999
   41.9648    -1.4333
   40.9671    -1.3668
   39.9693    -1.3003
   38.9715    -1.2338
   37.9737    -1.1673
   36.9759    -1.1007
   35.9781    -1.0342
   35.0000    -1.0802
   34.0000    -1.0255
   33.0000    -0.9498
   32.0000    -0.8825
   31.0000    -0.8251
   30.0000    -0.7586
   29.0000    -0.7076
   28.0000    -0.6703
   27.0000    -0.6317
   26.0000    -0.6135
   25.0000    -0.5981
   24.0000    -0.5924
   23.0000    -0.5932
   22.0000    -0.5939
   21.0000    -0.5953
   20.0000    -0.6067
   19.0000    -0.6064
   18.0000    -0.5967
   17.0000    -0.5927
   16.0000    -0.5789
   15.0000    -0.5893
   14.0000    -0.5865
   13.0000    -0.5853
   12.0000    -0.5816
   11.0000    -0.5773
   10.0000    -0.5784
    9.0000    -0.5665
    8.0000    -0.5572
    7.0000    -0.5450
    6.0000    -0.5212
    5.0000    -0.4884
    4.0000    -0.4635
    3.0000    -0.4570
    2.0000    -0.4300
    1.0000    -0.3788
   -0.0000    -0.3414
   -1.0000    -0.3118
   -2.0000    -0.2853
   -3.0000    -0.2389
   -4.0000    -0.1761
   -5.0000    -0.1177
   -6.0000    -0.0636
   -7.0000     0.0016
   -8.0000     0.0801
   -9.0000     0.1524
  -10.0000     0.2169
  -11.0000     0.2983
  -12.0000     0.3895
  -13.0000     0.4909
  -14.0000     0.5975
  -15.0000     0.6877
  -16.0000     0.7979
  -17.0000     0.9157
  -18.0000     1.0400
  -19.0000     1.1864
  -20.0000     1.3417
  -21.0000     1.5026
  -22.0000     1.6767
  -23.0000     1.8600
  -24.0000     2.0547
  -25.0000     2.2541
  -25.8208     2.6981
  -26.7914     2.9390
  -27.7566     3.2004
  -28.7151     3.4854
  -29.6641     3.8003
  -30.5996     4.1536
  -31.5158     4.5540
  -32.4060     5.0091
  -33.2634     5.5235
  -34.0810     6.0989
  -34.8528     6.7344
  -35.5735     7.4273
  -36.2389     8.1735
  -36.8450     8.9686
  -37.3882     9.8080
  -37.8653    10.6866
  -38.2735    11.5993
  -38.6220    12.5365
  -38.9641    13.4762
  -39.3061    14.4159
  -39.6481    15.3556
  -40.0003    16.2915
  -40.3962    17.2097
  -40.8374    18.1069
  -41.3230    18.9810
  -41.8516    19.8297
  -42.4220    20.6510
  -43.0328    21.4427
  -43.6823    22.2030
  -44.3691    22.9298
  -45.0913    23.6213
  -45.8471    24.2760
  -46.6348    24.8920
  -47.4522    25.4678
  -48.2974    26.0021
  -49.1682    26.4935
  -50.0640    26.9378
  -50.9916    27.3107
  -51.9470    27.6051
  -52.9236    27.8190
  -53.9146    27.9508
  -54.9132    27.9997
  -55.9124    27.9653
  -56.9052    27.8478
  -57.8848    27.6481
  -58.8444    27.3675
  -59.7773    27.0081
  -60.6770    26.5722
  -61.5374    26.0629
  -62.3523    25.4838
  -63.1188    24.8417
  -63.8498    24.1594
  -64.5466    23.4423
  -65.2076    22.6920
  -65.8313    21.9104
  -66.4161    21.0993
  -66.9606    20.2606
  -67.4636    19.3964
  -67.9239    18.5086
  -68.3404    17.5995
  -68.7118    16.6711
  -69.0387    15.7258
  -69.3156    14.7650
  -69.5461    13.7919
