   59.9250    -2.6307
   58.9272    -2.5642
   57.9294    -2.4976
   56.9316    -2.4311
   55.9338    -2.3646
   54.9360    -2.2981
   53.9383    -2.2316
   52.9405    -2.1650
   51.9427    -2.0985
   50.9449    -2.0320
   49.9471    -1.9655
   48.9493    -1.8990
   47.9515    -1.8324
   46.9538    -1.7659
   45.9560    -1.6994
   44.9582    -1.6329
   43.9604    -1.5664
   42.9626    -1.4999
   41.9648    -1.4333
   40.9671    -1.3668
   39.9693    -1.3003
   38.9715    -1.2338
   37.9737    -1.1673
   36.9759    -1.1007
   35.9781    -1.0342
   35.0000    -1.0166
   34.0000    -0.9453
   33.0000    -0.8842
   32.0000    -0.8129
   31.0000    -0.7458
   30.0000    -0.6937
   29.0000    -0.6497
   28.0000    -0.6021
   27.0000    -0.5525
   26.0000    -0.5138
   25.0000    -0.4812
   24.0000    -0.4426
   23.0000    -0.4100
   22.0000    -0.3882
   21.0000    -0.3742
   20.0000    -0.3627
   19.0000    -0.3467
   18.0000    -0.3333
   17.0000    -0.3101
   16.0000    -0.2925
   15.0000    -0.2967
   14.0000    -0.2974
   13.0000    -0.2900
   12.0000    -0.2684
   11.0000    -0.2603
   10.0000    -0.2570
    9.0000    -0.2492
    8.0000    -0.2415
    7.0000    -0.2236
    6.0000    -0.1963
    5.0000    -0.1758
    4.0000    -0.1623
    3.0000    -0.1436
    2.0000    -0.1128
    1.0000    -0.0804
   -0.0000    -0.0476
   -1.0000    -0.0104
   -2.0000     0.0288
   -3.0000     0.0795
   -4.0000     0.1191
   -5.0000     0.1584
   -6.0000     0.2222
   -7.0000     0.2705
   -8.0000     0.3279
   -9.0000     0.3943
  -10.0000     0.4470
  -11.0000     0.5320
  -12.0000     0.6212
  -13.0000     0.7072
  -14.0000     0.7987
  -15.0000     0.9034
  -16.0000     1.0154
  -17.0000     1.1218
  -18.0000     1.2460
  -19.0000     1.3850
  -20.0000     1.5238
  -21.0000     1.6641
  -22.0000     1.8230
  -23.0000     2.0146
  -24.0000     2.2170
  -25.0000     2.3939
  -25.8208     2.6981
  -26.7914     2.9390
  -27.7566     3.2004
  -28.7151     3.4854
  -29.6641     3.8003
  -30.5996     4.1536
  -31.5158     4.5540
  -32.4060     5.0091
  -33.2634     5.5235
  -34.0810     6.0989
  -34.8528     6.7344
  -35.5735     7.4273
  -36.2389     8.1735
  -36.8450     8.9686
  -37.3882     9.8080
  -37.8653    10.6866
  -38.2735    11.5993
  -38.6220    12.5365
  -38.9641    13.4762
  -39.3061    14.4159
  -39.6481    15.3556
  -40.0003    16.2915
  -40.3962    17.2097
  -40.8374    18.1069
  -41.3230    18.9810
  -41.8516    19.8297
  -42.4220    20.6510
  -43.0328    21.4427
  -43.6823    22.2030
  -44.3691    22.9298
  -45.0913    23.6213
  -45.8471    24.2760
  -46.6348    24.8920
  -47.4522    25.4678
  -48.2974    26.0021
  -49.1682    26.4935
  -50.0640    26.9378
  -50.9916    27.3107
  -51.9470    27.6051
  -52.9236    27.8190
  -53.9146    27.9508
  -54.9132    27.9997
  -55.9124    27.9653
  -56.9052    27.8478
  -57.8848    27.6481
  -58.8444    27.3675
  -59.7773    27.0081
  -60.6770    26.5722
  -61.5374    26.0629
  -62.3523    25.4838
  -63.1188    24.8417
  -63.8498    24.1594
  -64.5466    23.4423
  -65.2076    22.6920
  -65.8313    21.9104
  -66.4161    21.0993
  -66.9606    20.2606
  -67.4636    19.3964
  -67.9239    18.5086
  -68.3404    17.5995
  -68.7118    16.6711
  -69.0387    15.7258
  -69.3156    14.7650
  -69.5461    13.7919
